   1.0000000e+00
   1.8933383e+00
   2.4845238e+00
   2.9412484e+00
   3.3081415e+00
   3.6067470e+00
   3.8499340e+00
   4.0460751e+00
   4.2008069e+00
   4.3179486e+00
   4.4000456e+00
   4.4487118e+00
   4.4648388e+00
   1.5000000e+00
   2.0680543e+00
   2.5812590e+00
   3.0029872e+00
   3.3497856e+00
   3.6355507e+00
   3.8701289e+00
   4.0603968e+00
   4.2111268e+00
   4.3255943e+00
   4.4059946e+00
   4.4537225e+00
   4.4695496e+00
   2.0000000e+00
   2.4294467e+00
   2.8191658e+00
   3.1643627e+00
   3.4614493e+00
   3.7136285e+00
   3.9251227e+00
   4.0994719e+00
   4.2393057e+00
   4.3464782e+00
   4.4222462e+00
   4.4674118e+00
   4.4824196e+00
   2.5000000e+00
   2.8194444e+00
   3.1111111e+00
   3.3750000e+00
   3.6111111e+00
   3.8194444e+00
   4.0000000e+00
   4.1527778e+00
   4.2777778e+00
   4.3750000e+00
   4.4444444e+00
   4.4861111e+00
   4.5000000e+00
   3.0000000e+00
   3.2094422e+00
   3.4030565e+00
   3.5856373e+00
   3.7607729e+00
   3.9252604e+00
   4.0748773e+00
   4.2060836e+00
   4.3162499e+00
   4.4035218e+00
   4.4666427e+00
   4.5048104e+00
   4.5175804e+00
   3.5000000e+00
   3.5708346e+00
   3.6409633e+00
   3.7470128e+00
   3.8724366e+00
   4.0033382e+00
   4.1298711e+00
   4.2451588e+00
   4.3444288e+00
   4.4244057e+00
   4.4828943e+00
   4.5184997e+00
   4.5304504e+00
   4.0000000e+00
   3.7455506e+00
   3.7376985e+00
   3.8087516e+00
   3.9140807e+00
   4.0321419e+00
   4.1500660e+00
   4.2594805e+00
   4.3547486e+00
   4.4320514e+00
   4.4888432e+00
   4.5235105e+00
   4.5351612e+00
