   1.9531249999999988e-04
   1.9531249999999974e-04
   1.9531249999999979e-04
   2.3437499999999977e-04
   2.3437499999999958e-04
   2.3437499999999980e-04
   2.7343749999999997e-04
   2.7343749999999986e-04
   2.7343750000000003e-04
   1.4973958333333343e-04
   1.4973958333333338e-04
   1.4973958333333348e-04
   1.9531249999999988e-04
   2.3437499999999983e-04
   2.7343750000000008e-04
   1.4973958333333343e-04
   1.9531249999999977e-04
   2.3437499999999967e-04
   2.7343749999999981e-04
   1.4973958333333338e-04
   1.9531249999999982e-04
   2.3437499999999977e-04
   2.7343750000000003e-04
   1.4973958333333348e-04
   4.6875000000000036e-04
   9.3749999999999953e-04
   9.3749999999999953e-04
   9.3750000000000051e-04
   4.6875000000000052e-04
   4.6875000000000042e-04
   9.3749999999999975e-04
   9.3749999999999975e-04
   9.3750000000000072e-04
   4.6875000000000063e-04
   4.6875000000000036e-04
   9.3749999999999953e-04
   9.3749999999999953e-04
   9.3750000000000072e-04
   4.6875000000000063e-04
   7.8125000000000178e-05
   7.8125000000000164e-05
   7.8125000000000029e-05
   7.8125000000000083e-05
   7.8125000000000042e-05
   7.8124999999999961e-05
   7.8124999999999880e-05
   7.8124999999999880e-05
   7.8124999999999934e-05
   2.3763020833333340e-04
   4.8828125000000022e-04
   5.0781250000000023e-04
   5.2734375000000025e-04
   2.3763020833333343e-04
   4.8828124999999989e-04
   5.0781250000000002e-04
   5.2734375000000025e-04
   2.3763020833333356e-04
   4.8828124999999995e-04
   5.0781249999999980e-04
   5.2734375000000003e-04
   7.8125000000000164e-05
   7.8125000000000083e-05
   7.8124999999999907e-05
   7.8125000000000151e-05
   7.8125000000000056e-05
   7.8124999999999907e-05
   7.8125000000000015e-05
   7.8124999999999961e-05
   7.8124999999999961e-05
   5.2734375000000025e-04
   5.0781250000000023e-04
   4.8828125000000011e-04
   2.3763020833333329e-04
   5.2734375000000025e-04
   5.0781249999999991e-04
   4.8828124999999995e-04
   2.3763020833333340e-04
   5.2734375000000003e-04
   5.0781249999999980e-04
   4.8828125000000000e-04
   2.3763020833333351e-04
   1.9531250000000001e-04
   1.9531249999999993e-04
   1.9531250000000007e-04
   2.3437499999999988e-04
   2.3437499999999977e-04
   2.3437500000000002e-04
   2.7343749999999992e-04
   2.7343749999999981e-04
   2.7343750000000003e-04
   1.4973958333333329e-04
   1.4973958333333327e-04
   1.4973958333333338e-04
   1.9531249999999990e-04
   2.3437499999999999e-04
   2.7343749999999992e-04
   1.4973958333333324e-04
   1.9531249999999985e-04
   2.3437499999999996e-04
   2.7343749999999992e-04
   1.4973958333333321e-04
   1.9531250000000007e-04
   2.3437500000000015e-04
   2.7343750000000013e-04
   1.4973958333333332e-04
   4.6874999999999955e-04
   9.3749999999999931e-04
   9.3749999999999975e-04
   9.3749999999999975e-04
   4.6874999999999955e-04
   4.6874999999999955e-04
   9.3749999999999910e-04
   9.3749999999999964e-04
   9.3749999999999964e-04
   4.6874999999999949e-04
   4.6874999999999955e-04
   9.3749999999999910e-04
   9.3749999999999964e-04
   9.3749999999999975e-04
   4.6874999999999966e-04
   7.8125000000000083e-05
   7.8125000000000096e-05
   7.8125000000000096e-05
   7.8125000000000002e-05
   7.8125000000000069e-05
   7.8125000000000083e-05
   7.8124999999999961e-05
   7.8125000000000002e-05
   7.8125000000000029e-05
   2.3763020833333356e-04
   4.8828125000000033e-04
   5.0781250000000034e-04
   5.2734375000000058e-04
   2.3763020833333356e-04
   4.8828125000000022e-04
   5.0781250000000023e-04
   5.2734375000000047e-04
   2.3763020833333362e-04
   4.8828125000000033e-04
   5.0781250000000013e-04
   5.2734375000000025e-04
   7.8125000000000178e-05
   7.8125000000000164e-05
   7.8125000000000029e-05
   3.9062499999999940e-05
   7.8125000000000083e-05
   7.8125000000000042e-05
   7.8124999999999961e-05
   3.9062499999999960e-05
   7.8124999999999880e-05
   7.8124999999999880e-05
   7.8124999999999934e-05
   3.9062500000000001e-05
   2.6367187499999980e-04
   2.5390624999999995e-04
   2.4414062500000033e-04
   1.1881510416666693e-04
   5.2734374999999960e-04
   5.0781249999999991e-04
   4.8828125000000022e-04
   2.3763020833333343e-04
   5.2734375000000003e-04
   5.0781250000000002e-04
   4.8828125000000011e-04
   2.3763020833333335e-04
   5.2734375000000047e-04
   5.0781250000000023e-04
   4.8828125000000043e-04
   2.3763020833333378e-04
   1.9531250000000023e-04
   1.9531250000000020e-04
   1.9531250000000020e-04
   2.3437500000000021e-04
   2.3437500000000021e-04
   2.3437500000000021e-04
   2.7343750000000024e-04
   2.7343750000000024e-04
   2.7343750000000030e-04
   1.4973958333333348e-04
   1.4973958333333346e-04
   1.4973958333333348e-04
   1.9531250000000025e-04
   2.3437500000000021e-04
   2.7343750000000024e-04
   1.4973958333333348e-04
   1.9531250000000025e-04
   2.3437500000000021e-04
   2.7343750000000024e-04
   1.4973958333333348e-04
   1.9531250000000028e-04
   2.3437500000000026e-04
   2.7343750000000030e-04
   1.4973958333333348e-04
   4.6875000000000031e-04
   9.3750000000000007e-04
   9.3749999999999997e-04
   9.3750000000000018e-04
   4.6875000000000004e-04
   4.6875000000000036e-04
   9.3750000000000018e-04
   9.3750000000000018e-04
   9.3750000000000018e-04
   4.6875000000000020e-04
   4.6875000000000047e-04
   9.3750000000000040e-04
   9.3750000000000018e-04
   9.3750000000000040e-04
   4.6875000000000020e-04
   7.8125000000000096e-05
   7.8125000000000042e-05
   7.8125000000000042e-05
   7.8125000000000137e-05
   7.8125000000000110e-05
   7.8125000000000042e-05
   7.8125000000000096e-05
   7.8125000000000110e-05
   7.8125000000000069e-05
   2.3763020833333383e-04
   4.8828125000000043e-04
   5.0781250000000002e-04
   5.2734375000000014e-04
   2.3763020833333367e-04
   4.8828125000000033e-04
   5.0781250000000013e-04
   5.2734375000000025e-04
   2.3763020833333356e-04
   4.8828125000000022e-04
   5.0781250000000023e-04
   5.2734375000000025e-04
   7.8125000000000083e-05
   7.8125000000000096e-05
   7.8125000000000096e-05
   3.9062500000000035e-05
   7.8125000000000002e-05
   7.8125000000000069e-05
   7.8125000000000083e-05
   3.9062500000000021e-05
   7.8124999999999961e-05
   7.8125000000000002e-05
   7.8125000000000029e-05
   3.9062500000000001e-05
   2.6367187499999985e-04
   2.5390624999999990e-04
   2.4414062500000011e-04
   1.1881510416666677e-04
   5.2734374999999960e-04
   5.0781249999999980e-04
   4.8828125000000000e-04
   2.3763020833333345e-04
   5.2734374999999993e-04
   5.0781250000000002e-04
   4.8828125000000022e-04
   2.3763020833333354e-04
   5.2734375000000047e-04
   5.0781250000000034e-04
   4.8828125000000054e-04
   2.3763020833333370e-04
   1.9531250000000023e-04
   1.9531250000000017e-04
   1.9531250000000020e-04
   2.3437500000000015e-04
   2.3437500000000010e-04
   2.3437500000000010e-04
   2.7343750000000035e-04
   2.7343750000000024e-04
   2.7343750000000008e-04
   1.4973958333333376e-04
   1.4973958333333365e-04
   1.4973958333333348e-04
   1.9531250000000034e-04
   2.3437500000000037e-04
   2.7343750000000035e-04
   1.4973958333333354e-04
   1.9531250000000020e-04
   2.3437500000000015e-04
   2.7343750000000024e-04
   1.4973958333333343e-04
   1.9531250000000028e-04
   2.3437500000000024e-04
   2.7343750000000019e-04
   1.4973958333333343e-04
   4.6875000000000031e-04
   9.3750000000000029e-04
   9.3750000000000029e-04
   9.3750000000000040e-04
   4.6875000000000025e-04
   4.6875000000000036e-04
   9.3750000000000029e-04
   9.3750000000000040e-04
   9.3750000000000051e-04
   4.6875000000000031e-04
   4.6875000000000042e-04
   9.3750000000000040e-04
   9.3750000000000018e-04
   9.3750000000000040e-04
   4.6875000000000025e-04
   7.8125000000000191e-05
   7.8125000000000124e-05
   7.8124999999999975e-05
   7.8125000000000205e-05
   7.8125000000000096e-05
   7.8124999999999961e-05
   7.8125000000000042e-05
   7.8124999999999988e-05
   7.8124999999999988e-05
   3.9062499999999940e-05
   3.9062499999999953e-05
   3.9062500000000001e-05
   1.1881510416666703e-04
   2.4414062500000033e-04
   2.5390625000000001e-04
   2.6367187499999991e-04
   2.3763020833333389e-04
   4.8828125000000033e-04
   5.0781249999999991e-04
   5.2734375000000003e-04
   2.3763020833333373e-04
   4.8828125000000022e-04
   5.0781250000000002e-04
   5.2734375000000025e-04
   2.3763020833333356e-04
   4.8828124999999995e-04
   5.0781249999999980e-04
   5.2734375000000014e-04
   7.8125000000000096e-05
   7.8125000000000042e-05
   7.8125000000000042e-05
   3.9062500000000014e-05
   7.8125000000000137e-05
   7.8125000000000110e-05
   7.8125000000000042e-05
   3.9062499999999994e-05
   7.8125000000000096e-05
   7.8125000000000110e-05
   7.8125000000000069e-05
   3.9062500000000008e-05
   2.6367187499999996e-04
   2.5390625000000023e-04
   2.4414062500000011e-04
   1.1881510416666667e-04
   5.2734374999999982e-04
   5.0781250000000002e-04
   4.8828125000000022e-04
   2.3763020833333337e-04
   5.2734374999999993e-04
   5.0781250000000002e-04
   4.8828125000000043e-04
   2.3763020833333367e-04
   5.2734375000000047e-04
   5.0781250000000034e-04
   4.8828125000000065e-04
   2.3763020833333386e-04
   3.9550781250000019e-04
   5.6640624999999985e-04
   5.8593749999999987e-04
   6.0546875000000021e-04
   3.0924479166666687e-04
   3.5481770833333367e-04
   1.9531249999999996e-04
   2.3437499999999996e-04
   2.7343750000000030e-04
   1.4973958333333359e-04
   3.2877604166666678e-04
   3.3854166666666646e-04
   3.4830729166666658e-04
   3.9550781250000024e-04
   3.2877604166666678e-04
   3.3854166666666646e-04
   3.4830729166666658e-04
   5.6640624999999964e-04
   5.8593749999999976e-04
   6.0546875000000032e-04
   3.0924479166666703e-04
   3.9550781250000051e-04
   5.6640625000000018e-04
   5.8593750000000009e-04
   6.0546875000000075e-04
   3.0924479166666719e-04
   7.8125000000000029e-05
   7.8125000000000069e-05
   7.8125000000000096e-05
   7.8125000000000029e-05
   3.4830729166666680e-04
   3.0924479166666644e-04
   3.0273437499999994e-04
   2.9296875000000021e-04
   2.8320312500000020e-04
   1.5787760416666684e-04
   7.8125000000000110e-05
   7.8125000000000178e-05
   7.8125000000000056e-05
   7.8124999999999785e-05
   7.8124999999999798e-05
   7.8124999999999975e-05
   5.4036458333333356e-04
   5.4036458333333389e-04
   5.4036458333333389e-04
   7.8124999999999920e-05
   7.8124999999999825e-05
   7.8124999999999825e-05
   7.8124999999999988e-05
   1.5787760416666679e-04
   7.8125000000000096e-05
   7.8125000000000110e-05
   7.8125000000000015e-05
   3.0273437499999989e-04
   2.9296875000000015e-04
   2.8320312500000020e-04
   3.9550781250000035e-04
   5.6640625000000007e-04
   5.8593750000000009e-04
   6.0546875000000021e-04
   3.0924479166666676e-04
   3.5481770833333421e-04
   1.9531250000000028e-04
   2.3437500000000032e-04
   2.7343750000000041e-04
   1.4973958333333354e-04
   3.2877604166666699e-04
   3.3854166666666668e-04
   3.4830729166666685e-04
   3.9550781250000013e-04
   3.2877604166666694e-04
   3.3854166666666673e-04
   3.4830729166666723e-04
   5.6640624999999964e-04
   5.8593750000000009e-04
   6.0546874999999989e-04
   3.0924479166666633e-04
   7.8125000000000056e-05
   7.8124999999999988e-05
   7.8125000000000015e-05
   3.4830729166666690e-04
   3.0273437500000027e-04
   2.9296875000000037e-04
   2.8320312500000020e-04
   1.5787760416666673e-04
   7.8124999999999961e-05
   7.8124999999999961e-05
   7.8124999999999988e-05
   5.4036458333333389e-04
   5.4036458333333389e-04
   5.4036458333333432e-04
   7.8125000000000029e-05
   7.8125000000000069e-05
   7.8125000000000096e-05
   7.8125000000000029e-05
   7.8125000000000137e-05
   7.8125000000000205e-05
   7.8125000000000056e-05
   3.9062499999999913e-05
   3.9550781250000046e-04
   5.6640625000000039e-04
   5.8593750000000041e-04
   6.0546875000000054e-04
   3.0924479166666698e-04
   3.5481770833333377e-04
   1.9531250000000023e-04
   2.3437500000000021e-04
   2.7343750000000035e-04
   1.4973958333333348e-04
   3.2877604166666694e-04
   3.3854166666666690e-04
   3.4830729166666696e-04
   3.9550781250000051e-04
   3.2877604166666716e-04
   3.3854166666666711e-04
   3.4830729166666717e-04
   5.6640625000000050e-04
   5.8593750000000052e-04
   6.0546875000000054e-04
   3.0924479166666698e-04
   3.0273437500000016e-04
   2.9296875000000010e-04
   2.8320312500000036e-04
   1.5787760416666692e-04
   7.8125000000000069e-05
   7.8125000000000069e-05
   7.8125000000000015e-05
   5.4036458333333367e-04
   5.4036458333333367e-04
   5.4036458333333389e-04
   7.8125000000000056e-05
   7.8124999999999988e-05
   7.8125000000000015e-05
   3.5481770833333383e-04
   1.9531250000000034e-04
   2.3437500000000024e-04
   2.7343750000000019e-04
   1.4973958333333346e-04
   3.2877604166666683e-04
   3.3854166666666668e-04
   3.4830729166666680e-04
   3.9550781250000051e-04
   3.2877604166666727e-04
   3.3854166666666706e-04
   3.4830729166666717e-04
   5.6640625000000029e-04
   5.8593750000000030e-04
   6.0546875000000054e-04
   3.0924479166666698e-04
   7.8125000000000096e-05
   7.8125000000000110e-05
   7.8125000000000042e-05
   2.7018229166666656e-04
   5.4036458333333345e-04
   5.4036458333333389e-04
   5.4036458333333410e-04
