1.000000000000000
1.948211484829570
2.573308586995688
3.048313595326603
3.423830881165154
3.723976797014620
3.962916565992684
4.149683138463148
4.290178584181009
4.388227815540722
4.446201730566584
4.465390085695445
1.600000000000000
2.175218640988828
2.697838354908077
3.126430063353352
3.475377478532832
3.758709354530420
3.986612346108552
4.166089596324980
4.301842578239011
4.396948000307225
4.453319687655478
4.472000057665603
2.200000000000000
2.616582588088074
2.991326896921168
3.323324165690042
3.608502094835310
3.849200226667646
4.048542489188819
4.209016621936642
4.332373120848573
4.419776241296619
4.471954359562234
4.489305014817875
2.800000000000001
3.077632287944981
3.330987152665602
3.560973354971105
3.771663194420875
3.960717128704240
4.125011229819432
4.262057758228634
4.370106217994389
4.447992353744692
4.494987789198083
4.510694985182112
3.400000000000000
3.518996235044226
3.624475694678694
3.757867457307794
3.904787810723353
4.051208000841466
4.186941372899699
4.304984783840297
4.400636760603950
4.470820594734083
4.513622461104839
4.527999942334382
4.000000000000001
3.746003391203486
3.749005462591084
3.835983925334543
3.956334408091033
4.085940558357269
4.210637153015568
4.321391241702128
4.412300754661953
4.479540779500587
4.520740418193730
4.534609914304540
